750
550
363 0
365 2
500
112
487 6
414 8
864
48
929 10
124 12
484 15
329
899
778
846 18
725
674 20
133 26
454 27
61 30
960 31
916 32
177
60
488
925
224 36
821
640
210
517 37
891 40
863
77
733
349
490 44
125
669
391
982 46
779
231 47
325
7
122
886
416
265
228
895
52 49
23
449 51
855
222
373 53
305
617 54
174
251
548 55
445 57
805 58
89
263 59
735 64
561
992
217
109
409 65
837 66
290 67
158 68
604
499
970
653 69
118 71
554
937 72
606
851
19
465 76
773 79
638
163 80
924
989
947 82
187
321 84
678
345 85
978
33
803
555
240
403 86
553 88
281
62
512 91
854
154
856 93
583 94
815
980 95
377
830
446
939
717 96
782 97
804
634 99
21
208
505
884 101
969
655
127
751 102
565
595 104
769 105
316
172 108
579 114
533
942
708
427 115
626
527 116
242 117
632 119
618 123
511 126
283
437 128
469 129
829
42
199 130
755
701 131
412
868 134
990 137
98
841 138
145
476 143
756
225
563 144
256 146
227 147
333
824 150
961 151
164
294
767
994
39
541
264 152
379
175 153
930 155
685 156
637 157
907
646
132
418 160
911 161
692
998
522 162
239
386 165
34
564 168
742
662 169
261
950
786
213
781 171
173 180
432 182
890
572 183
337 185
813 188
629
352
754
940 190
797 191
867
111
310 195
885 198
798 200
801 204
179
421
691
483
443 206
902 207
356
787
317
371 214
387
723
442
275
250 215
799
745
347
878
710 218
120
943 221
642
547 223
914
770 226
299
205
236 234
892 237
311
485
212
699 238
209
381
270 243
620 244
438 246
506
497
833 248
651 249
956 252
202
601 253
142
633 257
524 259
849
503 262
594
762 266
468
608 269
683 271
288 273
1
993 280
759 285
904 289
338 291
975
749 295
588
166
557
513 297
358
390 304
667
876 306
471 307
422 318
729
905
783 322
913
731 324
9
367
774 327
752 330
931
486
898 331
680
877
580 335
713
135
976
73
941 336
763 339
983
832 341
551
495 343
426 344
944
734
447 350
936
744 353
535 355
737 359
600 366
981 368
828 372
423
865
973 375
245
896
953 376
784
241
453
388 382
789 383
743
663
721 384
220
812
467
711 385
38
254
45
491
736
882 392
658
410 394
466 395
562 398
510 399
917
938
839
298
364
722
883 401
309
740 402
74
984 405
430
458 407
121
448
406
757
140
525 408
726 413
136
192
964
766
615 415
473
928 417
216
186
149
493
718
463
991 419
374
814 424
647
826
529 428
233
587 434
508
927 444
393
897 452
287
672
962
3
28
716 455
494 459
411
603 461
935
542 464
514
518 470
481 474
480
29
609 475
457
607 478
827
776
860
712
492 482
807
997
654
435
103
197
900
732
450
728
267
360
507
544 496
852
857 498
558 501
825 521
24
539
652
571 523
596
648
477
396
958 528
170
181
791
569
78
14
688
598 534
70
110
794 537
543 545
659 552
636 566
83
816 568
739
901 573
802
313
516
844
971
764
520
159
874
292
201
771
818 577
630 578
460
389
472
532
785
219
870
631 581
643 582
714 585
614
974 586
11
666 589
859
919 590
13
875
619 599
340
433
308
959
378
342
400
536
887
840 612
284
574
694
727
689 622
293
948
641
441
873 624
790
747
850
628 625
260
724
690
988 635
893
810 657
300
972
148
996 660
792
282
43
429
817 661
106
918 664
41
211
945 665
456
777
274
650
420
881 668
707
795 670
276
519
369
933
834 673
932 675
986
540
702
35
697 676
272
845
700 681
404
592
531
760 684
822
922
229
853 686
258
611
176
908
934 695
323
862 696
560
575
912 698
597
326
613
869
25
286
232
315
90
761
301
848
549
479
808 703
621
871 705
819
63
5
425
320
546
4
92
439
370
957 709
436
194
75
627
923
605
780
858 715
796 720
768
362
880
952 750
81
167
87
576
951
910 753
772
693
591
730
920 758
584
682
921
593
602
746
954
706
889
462
334
861 765
866 788
567
196
502
489
189
926
843
559
570
623
247
451
314
348
351
255
966
509
230
979 793
268
687
361
967 800
949 806
178
357
995 835
328
56
279
872 838
915 847
277
139
677
977 879
671
831
679
888
656
842
903 894
985 909
811
431
741
184
203
16
303
616
965 946
332
809
100
906
820
999 968
748
397
639
987
354
823
278
107
17
556
312
113
963
610
738
538
504
193
380
955
296
141
346
645
719
836
235
649
302
775
50
319
530
22
644
440
526
515
704

